99085 443
96897 80
66191 5060
49991 22
49079 2000
36244 21
28958 8080
28801 25
28110 8082
26090 23
23227 541
22238 143
21894 8081
21853 5000
21741 8443
21235 49152
20755 264
20131 10001
19813 139
19402 2049
19188 49153
19141 8192
19028 5001
18765 10000
18671 49154
18611 666
18584 8089
18485 1025
18468 9091
18465 135
18453 5900
18425 1026
18360 24
18316 6667
18299 1028
18257 9999
18202 9090
18182 5009
18178 7070
18165 8090
18163 8083
18153 9103
18136 8088
18111 32770
18108 1935
18107 5903
18100 667
18092 5902
18064 513
18041 1045
18030 512
18029 9618
18020 1033
17993 49155
17975 524
17970 407
17968 646
17960 32773
17955 3211
17949 8085
17938 9100
17866 8086
17864 1801
17862 3333
17856 5002
17840 55555
17839 26
17838 389
17836 9101
17821 60443
17807 1433
17799 10002
17797 9102
17796 8333
17787 1300
17784 32768
17782 8084
17781 8200
17776 7443
17768 10003
17759 5901
17758 32769
17742 9111
17738 2179
17725 8093
17724 5003
17710 20
17706 49156
17699 10009
17698 515
17691 9998
17690 1042
17688 9099
17688 8600
17688 1043
17685 6666
17674 1947
17673 6789
17668 9877
17666 10004
17664 9110
17663 1024
17658 1041
17656 6669
17656 1027
17643 8087
17642 668
17642 32771
17642 1052
17639 49159
17638 44442
17637 2701
17635 1031
17633 514
17632 1029
17627 9500
17627 902
17627 1417
17625 38292
17621 10010
17620 4242
17619 1030
17618 49160
17617 5910
17613 5004
17612 8193
17610 912
17609 6668
17605 6543
17603 5269
17600 900
17598 49157
17598 1154
17597 5911
17597 1032
17596 2323
17594 1038
17591 49161
17591 1174
17590 6025
17589 1812
17589 10243
17587 3869
17587 10012
17585 2710
17584 19
17584 1034
17583 9220
17583 1688
17582 1165
17581 5915
17581 2190
17581 2048
17580 3737
17580 2717
17580 256
17578 4998
17578 32774
17578 1301
17577 9876
17576 4126
17576 10626
17575 42510
17575 16000
17573 32775
17572 259
17572 1287
17568 1040
17567 49158
17566 911
17565 406
17565 32782
17565 1054
17563 49165
17563 1666
17561 1044
17560 16001
17559 5405
17559 49163
17556 3476
17554 5633
17554 51103
17554 2200
17554 13456
17553 1055
17553 1046
17552 55055
17552 1175
17551 787
17550 5510
17550 16012
17550 1309
17549 10778
17549 1050
17548 54045
17547 7435
17547 5907
17547 4111
17546 2196
17546 10628
17546 1049
17545 8194
17545 6156
17545 3077
17545 1310
17544 5904
17544 15004
17543 6547
17542 1036
17541 32780
17540 3
17538 2967
17538 144
17537 49167
17537 44176
17537 34571
17537 32785
17537 2968
17535 3986
17535 1169
17535 1035
17534 8222
17534 49175
17533 783
17532 648
17532 17
17531 5906
17531 19842
17530 4
17528 9485
17528 32772
17528 3221
17527 9502
17527 543
17527 40193
17527 25734
17527 1805
17526 9503
17526 1556
17525 6792
17525 3871
17524 55056
17524 32784
17524 15000
17523 1296
17523 1163
17522 898
17522 777
17521 1434
17520 7938
17520 13
17520 1166
17520 1048
17519 9878
17519 3351
17519 1037
17518 7
17518 25735
17517 16016
17516 49176
17516 4125
17516 32779
17515 10629
17515 1051
17514 1053
17513 5120
17513 2068
17513 12174
17513 1152
17512 32776
17512 1311
17512 1183
17511 4224
17511 2191
17510 3971
17510 32778
17510 280
17510 15002
17509 1
17508 34572
17508 1039
17507 2065
17506 32783
17506 32777
17505 2718
17504 3998
17504 2702
17503 9
17503 44443
17503 16018
17502 901
17501 3851
17501 1687
17499 22939
17498 19101
17498 15003
17497 14238
17496 6788
17496 32781
17496 1047
17495 19350
17492 903
17492 3995
17491 7937
17490 34573
17489 13722
17483 30
17481 52869
17475 1164
17467 146
17447 6
16539 53
10100 8008
7653 1723
7006 179
6270 1720
5794 993
5481 110
5155 587
4996 995
4855 465
4718 3389
4677 8000
3834 7000
3679 3306
3571 9000
3568 8291
3564 554
3465 81
3223 5061
3196 8888
3188 62078
2994 7777
2980 445
2939 111
2928 8009
2910 2222
2907 9080
2851 161
2789 8010
2787 444
2755 3128
2680 6881
2616 7100
2479 4567
2435 4002
2394 2022
2361 5666
2346 8001
2314 4343
2303 9002
2256 6002
2239 2002
2226 50000
2211 548
2196 6969
2142 12345
2130 2103
2070 5050
2042 7676
2035 119
2032 50001
2010 555
2006 4443
1999 500
1960 12000
1948 50002
1945 8002
1944 4444
1898 8181
1896 31337
1896 1001
1872 3001
1861 8402
1847 1002
1837 79
1824 7001
1813 1198
1782 50003
1768 88
1728 2126
1725 82
1723 3828
1718 3000
1714 691
1708 1700
1701 20005
1697 9415
1686 683
1681 1322
1681 1131
1670 1863
1668 90
1664 9595
1661 1075
1659 49
1657 1862
1656 6567
1655 5226
1654 1132
1652 6123
1648 9010
1647 9594
1644 5560
1644 1084
1643 85
1642 5998
1641 808
1641 1000
1639 1443
1637 9207
1637 5859
1634 1119
1632 765
1632 1721
1632 1092
1628 3006
1615 5678
1611 2105
1610 2260
1603 1073
1599 1102
1596 1594
1577 2809
1572 212
1570 5555
1566 1461
1555 2107
1539 4001
1516 873
1491 8100
1487 9001
1482 990
1464 11111
1461 4005
1454 5357
1449 113
1443 4000
1436 3689
1420 5431
1415 366
1399 1080
1398 83
1395 1022
1393 6000
1393 3390
1382 2121
1371 4003
1371 106
1366 8099
1360 4004
1358 8292
1354 4006
1353 8500
1349 5432
1341 2020
1341 2001
1340 636
1337 6001
1324 3011
1319 631
1319 5222
1303 20000
1302 89
1297 8022
1296 1521
1294 8021
1290 1500
1286 37
1282 1234
1280 593
1279 9009
1278 5051
1277 84
1277 4045
1273 2100
1272 2525
1271 8300
1271 3918
1263 99
1260 100
1257 8007
1256 2004
1255 8800
1255 1099
1247 6007
1247 222
1246 1971
1245 1600
1244 4445
1244 4129
1243 5800
1243 1111
1241 544
1241 3814
1238 3030
1238 2009
1238 10082
1237 2869
1237 1352
1235 5080
1234 1148
1233 8899
1233 7627
1233 2161
1233 1089
1232 3261
1230 8383
1230 1494
1229 9011
1228 801
1228 2106
1228 1217
1228 1069
1228 10024
1223 711
1223 2033
1222 1070
1219 30000
1218 3826
1217 2111
1217 1123
1216 4449
1216 3283
1216 1247
1216 1130
1215 992
1215 3269
1214 3268
1214 1900
1214 1236
1214 1062
1213 4279
1209 1840
1208 3878
1207 4662
1207 1984
1206 9593
1206 3031
1206 1972
1205 2007
1204 2301
1203 2160
1203 1999
1203 1106
1202 3003
1201 2005
1201 1095
1200 3920
1200 1077
1199 427
1198 5221
1198 5100
1198 1058
1197 7911
1197 10621
1196 2909
1196 2601
1196 1112
1195 9200
1195 3017
1195 1875
1194 1213
1193 2608
1193 2038
1193 10215
1192 843
1192 5989
1192 481
1192 2288
1191 3527
1191 19315
1191 1216
1191 1091
1190 6646
1190 563
1190 2003
1189 9418
1188 1090
1188 1087
1187 8180
1187 5280
1187 2998
1187 2119
1186 7999
1186 65000
1186 2008
1186 199
1185 16993
1184 1914
1184 14000
1183 6003
1183 1199
1182 9900
1182 617
1182 1023
1181 3889
1181 27000
1181 20222
1181 1719
1181 1533
1181 1126
1180 5190
1180 1063
1179 1071
1179 1067
1179 10616
1178 417
1178 13782
1178 1185
1178 1078
1177 5961
1177 42
1177 1082
1176 6580
1176 6510
1176 4321
1176 3580
1176 10566
1175 6006
1175 3007
1175 1096
1174 6699
1174 2021
1174 16113
1174 1097
1174 1060
1174 10180
1173 888
1173 8873
1173 5566
1173 49400
1173 311
1172 8011
1172 7002
1172 464
1172 3880
1171 9003
1171 5200
1171 1271
1171 1110
1170 5550
1170 1149
1169 2604
1169 2557
1168 714
1168 3370
1168 2607
1167 5802
1166 9898
1166 9575
1166 6689
1166 5962
1166 3551
1166 3371
1165 9666
1165 5631
1165 4446
1165 2383
1165 1105
1164 5960
1164 4550
1164 19283
1163 5500
1163 3005
1163 11967
1163 1066
1163 10617
1162 3168
1162 3052
1162 1088
1161 9081
1161 7741
1161 6059
1161 49999
1161 3809
1161 27356
1161 1141
1160 6100
1160 5102
1160 3323
1159 5054
1159 43
1159 2602
1158 5414
1157 5440
1157 2393
1157 1151
1156 7800
1156 700
1156 58080
1156 2920
1156 1201
1155 625
1155 6004
1155 5801
1155 2144
1155 2030
1154 749
1154 70
1154 6106
1154 6005
1154 5225
1153 9071
1153 8649
1153 5877
1153 2800
1153 14441
1153 1085
1152 4900
1152 4848
1152 3914
1152 2045
1152 1064
1151 800
1151 6692
1151 5298
1151 1124
1151 1117
1150 8254
1150 7778
1149 48080
1149 3260
1149 23502
1149 1233
1149 1147
1149 1138
1149 1068
1149 1009
1148 9050
1148 8400
1148 8031
1148 5999
1148 50636
1148 3325
1148 30951
1148 2251
1148 1122
1147 8652
1147 4899
1147 3703
1147 2394
1147 1093
1146 8042
1146 726
1146 3766
1146 27355
1146 2381
1146 2042
1146 10025
1145 7007
1145 6566
1145 5679
1145 301
1145 2910
1145 2638
1145 2500
1145 2135
1145 163
1145 1098
1144 7106
1144 705
1144 6901
1144 6112
1144 3071
1144 2040
1144 2034
1144 1501
1144 1061
1143 981
1143 3324
1143 2170
1143 2043
1143 17877
1143 1272
1143 1056
1142 1998
1142 1641
1142 1059
1141 3905
1141 3013
1141 2811
1141 1218
1140 7625
1140 3800
1140 33
1140 211
1140 1334
1140 109
1139 8290
1139 63331
1139 5988
1139 5952
1139 5950
1139 2875
1139 1839
1139 1755
1139 125
1139 1094
1139 1010
1138 7025
1138 6101
1138 3517
1138 20031
1137 8045
1137 12265
1137 1011
1136 9290
1136 7920
1136 7200
1136 545
1136 50300
1136 3827
1136 33899
1136 1524
1136 1259
1135 5959
1135 56737
1135 3659
1135 3367
1135 1782
1135 15742
1135 11110
1134 987
1134 5718
1134 1192
1134 1186
1133 7201
1133 57294
1133 2366
1133 1079
1132 999
1132 7921
1132 5087
1132 458
1131 8654
1131 5925
1131 5862
1131 5101
1131 3301
1131 21571
1131 2099
1130 5033
1130 44501
1130 35500
1130 24444
1130 2013
1130 18988
1130 13783
1130 1057
1129 3300
1129 254
1129 1761
1129 1580
1129 1121
1128 9929
1128 6565
1128 65389
1128 50006
1128 15660
1127 720
1127 5810
1127 5544
1127 3784
1126 5730
1126 3369
1126 24800
1126 2006
1126 1455
1126 1076
1125 880
1125 6839
1125 5815
1125 54328
1125 27352
1125 20221
1125 1717
1124 61900
1124 497
1124 2010
1124 1113
1123 5850
1123 52848
1123 1974
1123 1248
1123 1114
1123 1065
1122 9968
1122 27353
1122 2605
1122 2041
1122 18040
1122 1104
1121 6389
1121 51493
1121 45100
1121 3322
1121 1244
1121 1145
1121 1074
1120 7402
1120 3801
1120 27715
1120 2401
1120 1864
1120 17988
1120 1107
1120 1086
1119 5922
1119 20828
1118 9943
1118 57797
1118 16992
1117 9535
1117 52822
1117 30718
1117 1007
1116 6779
1116 64680
1116 6009
1116 14442
1116 1137
1115 60020
1115 5825
1115 5214
1115 50500
1115 32
1114 416
1114 3690
1114 2035
1114 1081
1114 1021
1113 6129
1113 3372
1113 255
1112 2399
1112 1083
1111 50800
1111 2047
1111 1108
1110 7004
1110 5030
1110 31038
1109 9944
1109 3404
1109 16080
1109 1583
1108 5987
1108 52673
1108 2046
1108 1658
1107 65129
1106 1072
1105 5811
1105 26214
1104 8701
1104 7512
1104 28201
1103 9917
1102 9040
1102 1277
1099 6502
1099 5963
1099 3493
1099 33354
1099 2725
1099 1783
1098 7496
1098 722
1098 64623
1098 5822
1097 1718
1096 340
1096 2492
1095 61532
1095 41511
1095 1100
1093 6346
1093 56738
1093 1187
1091 8994
1091 1503
1090 8651
1090 1328
1089 306
1088 687
1088 425
1088 3546
1088 19801
1087 7019
1085 18101
1084 40911
1084 3945
1083 2522
1082 50389
1080 7103
1080 2382
1078 19780
1075 55600
1074 616
